/home/users/nus/e0672129/.conda/envs/llava-dpo-copy/lib/python3.10/site-packages/bitsandbytes/libbitsandbytes_cpu.so: undefined symbol: cadam32bit_grad_fp32
[2024-05-30 02:22:05,036] [INFO] [real_accelerator.py:191:get_accelerator] Setting ds_accelerator to cuda (auto detect)
==============
instructions 0.0001396688390792371 4.7442336173070356e-05 0.0 | 500
vcr_txt_pair 7.495398602859654e-05 4.449783258253214e-05 0.0 | 500
coco_txt_pair 5.888604473839405e-05 2.510433119690233e-05 0.0 | 500
sherlock_txt_pair 9.90795713400551e-05 7.186981630409681e-05 0.0 | 500
vcr_img_pair 6.439361138063354e-05 3.4443679859139216e-05 0.0 | 500
coco_img_pair 4.090875278854552e-05 2.089441555301554e-05 0.0 | 500
sherlock_img_pair 0.00018187460019299193 9.184534443428806e-05 0.0 | 500
sherlock_img_pair_inf 0.0002691370887228284 0.00018496700514400788 0.0 | 500
==============
instructions 0.00016235278164180352 4.2379785216287284e-05 0.0 | 500
vcr_txt_pair 0.00017058781865894138 9.264624052507367e-05 0.0 | 500
coco_txt_pair 8.561464545505786e-05 4.068393280809518e-05 0.0 | 500
sherlock_txt_pair 0.00014541186980350144 9.379806053320155e-05 0.0 | 500
vcr_img_pair 5.823043954866053e-05 3.342416225492239e-05 0.0 | 500
coco_img_pair 4.2075883860697115e-05 2.0527305599886344e-05 0.0 | 500
sherlock_img_pair 0.00015587103602001648 9.293800323353373e-05 0.0 | 500
sherlock_img_pair_inf 0.0002608644742465204 0.00018706275840086069 0.0 | 500
==============
instructions 0.00033379361112260736 7.777089050737713e-05 0.0 | 500
vcr_txt_pair 5.649290609290389e-05 3.1705323570582236e-05 0.0 | 500
coco_txt_pair 4.787825935553965e-05 2.7845978980170193e-05 0.0 | 500
sherlock_txt_pair 7.61350348013252e-05 5.968926236075634e-05 0.0 | 500
vcr_img_pair 4.82187457241045e-05 2.7600047566227548e-05 0.0 | 500
coco_img_pair 3.817726189805647e-05 2.1504636952463635e-05 0.0 | 500
sherlock_img_pair 0.00011475916024447247 7.713087198035339e-05 0.0 | 500
sherlock_img_pair_inf 0.0001879644885453646 0.0001406077583457899 0.0 | 500
==============
instructions 0.00034002001952866044 6.093413161521523e-05 0.0 | 500
vcr_txt_pair 0.00011284532956781674 6.708849266582768e-05 0.0 | 500
coco_txt_pair 7.636288619747764e-05 4.117155051852858e-05 0.0 | 500
sherlock_txt_pair 0.00010891174378690848 7.602006169993182e-05 0.0 | 500
vcr_img_pair 4.82187457241045e-05 2.7600047566227548e-05 0.0 | 500
coco_img_pair 3.817726189805647e-05 2.1504636952463635e-05 0.0 | 500
sherlock_img_pair 0.00011475916024447247 7.713087198035339e-05 0.0 | 500
sherlock_img_pair_inf 0.0001879644885453646 0.0001406077583457899 0.0 | 500
==============
instructions 7.114413917134761 1.2469531863814562 0.57 | 500
vcr_txt_pair 1.8590013855736534 0.45783336177161427 0.216 | 500
coco_txt_pair 2.139408595610953 0.6890809890287979 0.36 | 500
sherlock_txt_pair 1.4024328784240452 0.7706654566901459 0.406 | 500
vcr_img_pair 1.2624581979102998 1.0891636608484396 0.606 | 500
coco_img_pair 2.006622335597453 0.9727140370008606 0.484 | 500
sherlock_img_pair 1.2830063683447022 1.031137474030057 0.534 | 500
sherlock_img_pair_inf 1.2325144879877188 0.9872229836148736 0.474 | 500
==============
instructions 2.380598541510338 0.6977284653148256 0.394 | 500
vcr_txt_pair 2.5079577462202276 1.48987059921193 0.644 | 500
coco_txt_pair 1.5754008598756088 0.9668043632037152 0.484 | 500
sherlock_txt_pair 1.470762296194133 1.243046891779735 0.654 | 500
vcr_img_pair 2.0902269464235403 1.3850167092119563 0.642 | 500
coco_img_pair 4.5180586634134805 1.0132370594845292 0.502 | 500
sherlock_img_pair 1.7447428637520819 1.262302977805184 0.632 | 500
sherlock_img_pair_inf 1.6335729970343558 1.343697866393991 0.674 | 500
==============
instructions 5.592010805125404 0.6246272993387655 0.368 | 500
vcr_txt_pair 3.02807410415596 1.720782223951888 0.676 | 500
coco_txt_pair 1.7413692343036955 1.0017410157642794 0.502 | 500
sherlock_txt_pair 1.4813022203984085 1.3012529377375035 0.662 | 500
vcr_img_pair 1.906405336878315 1.2007085884087632 0.598 | 500
coco_img_pair 1.76579570807794 0.9379082713215786 0.478 | 500
sherlock_img_pair 1.477631558529882 1.2110633270712285 0.622 | 500
sherlock_img_pair_inf 1.6358529068429124 1.3881652379686382 0.694 | 500
==============
instructions 0.800000000000007 0.8 1.0
vcr_txt_pair 0.5720631952878868 0.571771330340287 0.114
coco_txt_pair 0.5751530788369005 0.5690084832573807 0.196
sherlock_txt_pair 0.6351091389694986 0.6266993046892902 1.0
vcr_img_pair 0.5768433035126997 0.5759939753763831 0.17
coco_img_pair 0.582499188581617 0.5777526906765902 0.272
sherlock_img_pair 0.6351628302255433 0.6243726315554612 1.0
sherlock_img_pair_inf 0.6334065577165653 0.6273555196484197 1.0
